22662664,-1,-1,-1,8,6,20,11111110001000000000
RELATIONCAT,6,8,4,4,20
ATTRIBUTECAT,6,32,5,2054,20
Students,4,7,7,7,31
Events,3,200,2049,2053,41
Locations,2,6,2048,2048,61
Participants,2,0,-1,-1,61
LibraryBooks,4,0,-1,-1,31
NULL,4,0,-1,-1,31
NULL,4,0,-1,-1,31
NULL,4,0,-1,-1,31
Stores,5,50,2066,2068,24
NULL,5,50,2066,2068,24
NULL,5,50,2066,2068,24
NULL,5,50,2066,2068,24
NULL,5,50,2066,2068,24
NULL,5,50,2066,2068,24
NULL,5,50,2066,2068,24
NULL,5,50,2066,2068,24
NULL,5,50,2066,2068,24
NULL,5,50,2066,2068,24
